19
32
45
58
71
84
97
110
123
136
149
162
175
188
201
214
227
240
253
266
279
292
305
318
331
344
357
370
383
396
409
422
435
448
461
474
487
500
513
526
539
552
565
578
591
604
617
630
643
656
669
682
695
708
721
734
747
760
773
786
799
812
825
838
851
864
877
890
903
916
929
942
955
968
981
994
1007
1020
1033
1046
1059
1072
1085
1098
1111
1124
1137
1150
1163
1176
1189
1202
1215
1228
1241
1254
1267
1280
1293
1306
1319
1332
1345
1358
1371
1384
1397
1410
1423
1436
1449
1462
1475
1488
1501
1514
1527
1540
1553
1566
1579
1592
1605
1618
1631
1644
1657
1670
1683
1696
1709
1722
1735
1748
1761
1774
1787
1800
1813
1826
1839
1852
1865
1878
1891
1904
1917
1930
1943
1956
1969
1982
1995
2008
2021
2034
2047
2060
2073
2086
2099
2112
2125
2138
2151
2164
2177
2190
2203
2216
2229
2242
2255
2268
2281
2294
2307
2320
2333
2346
2359
2372
2385
2398
2411
2424
2437
2450
2463
2476
2489
2502
2515
2528
2541
2554
2567
2580
2593
2606
2619
2632
2645
2658
2671
2684
2697
2710
2723
2736
2749
2762
2775
2788
2801
2814
2827
2840
2853
2866
2879
2892
2905
2918
2931
2944
2957
2970
2983
2996
3009
3022
3035
3048
3061
3074
3087
3100
3113
3126
3139
3152
3165
3178
3191
3204
3217
3230
3243
3256
3269
3282
3295
3308
3321
3334
3347
3360
3373
3386
3399
3412
3425
3438
3451
3464
3477
3490
3503
3516
3529
3542
3555
3568
3581
3594
3607
3620
3633
3646
3659
3672
3685
3698
3711
3724
3737
3750
3763
3776
3789
3802
3815
3828
3841
3854
3867
3880
3893
3906
3919
3932
3945
3958
3971
3984
3997
4010
4023
4036
4049
4062
4075
4088
4101
4114
4127
4140
4153
4166
4179
4192
4205
4218
4231
4244
4257
4270
4283
4296
4309
4322
4335
4348
4361
4374
4387
4400
4413
4426
4439
4452
4465
4478
4491
4504
4517
4530
4543
4556
4569
4582
4595
4608
4621
4634
4647
4660
4673
4686
4699
4712
4725
4738
4751
4764
4777
4790
4803
4816
4829
4842
4855
4868
4881
4894
4907
4920
4933
4946
4959
4972
4985
4998
5011
5024
5037
5050
5063
5076
5089
5102
5115
5128
5141
5154
5167
5180
5193
5206
5219
5232
5245
5258
5271
5284
5297
5310
5323
5336
5349
5362
5375
5388
5401
5414
5427
5440
5453
5466
5479
5492
5505
5518
5531
5544
5557
5570
5583
5596
5609
5622
5635
5648
5661
5674
5687
5700
5713
5726
5739
5752
5765
5778
5791
5804
5817
5830
5843
5856
5869
5882
5895
5908
5921
5934
5947
5960
5973
5986
5999
6012
6025
6038
6051
6064
6077
6090
6103
6116
6129
6142
6155
6168
6181
6194
6207
6220
6233
6246
6259
6272
6285
6298
6311
6324
6337
6350
6363
6376
6389
6402
6415
6428
6441
6454
6467
6480
6493
6506
6519
6532
6545
6558
6571
6584
6597
6610
6623
6636
6649
6662
6675
6688
6701
6714
6727
6740
6753
6766
6779
6792
6805
6818
6831
6844
6857
6870
6883
6896
6909
6922
6935
6948
6961
6974
6987
7000
7013
7026
7039
7052
7065
7078
7091
7104
7117
7130
7143
7156
7169
7182
7195
7208
7221
7234
7247
7260
7273
7286
7299
7312
7325
7338
7351
7364
7377
7390
7403
7416
7429
7442
7455
7468
7481
7494
7507
7520
7533
7546
7559
7572
7585
7598
7611
7624
7637
7650
7663
7676
7689
7702
7715
7728
7741
7754
7767
7780
7793
7806
7819
7832
7845
7858
7871
7884
7897
7910
7923
7936
7949
7962
7975
7988
8001
8014
8027
8040
8053
8066
8079
8092
8105
8118
8131
8144
8157
8170
8183
8196
8209
8222
8235
8248
8261
8274
8287
8300
8313
8326
8339
8352
8365
8378
8391
8404
8417
8430
8443
8456
8469
8482
8495
8508
8521
8534
8547
8560
8573
8586
8599
8612
8625
8638
8651
8664
8677
8690
8703
8716
8729
8742
8755
8768
8781
8794
8807
8820
8833
8846
8859
8872
8885
8898
8911
8924
8937
8950
8963
8976
8989
9002
9015
9028
9041
9054
9067
9080
9093
9106
9119
9132
9145
9158
9171
9184
9197
9210
9223
9236
9249
9262
9275
9288
9301
9314
9327
9340
9353
9366
9379
9392
9405
9418
9431
9444
9457
9470
9483
9496
9509
9522
9535
9548
9561
9574
9587
9600
9613
9626
9639
9652
9665
9678
9691
9704
9717
9730
9743
9756
9769
9782
9795
9808
9821
9834
9847
9860
9873
9886
9899
9912
9925
9938
9951
9964
9977
9990
10003
10016
10029
10042
10055
10068
10081
10094
10107
10120
10133
10146
10159
10172
10185
10198
10211
10224
10237
10250
10263
10276
10289
10302
10315
10328
10341
10354
10367
10380
10393
10406
10419
10432
10445
10458
10471
10484
10497
10510
10523
10536
10549
10562
10575
10588
10601
10614
10627
10640
10653
10666
10679
10692
10705
10718
10731
10744
10757
10770
10783
10796
10809
10822
10835
10848
10861
10874
10887
10900
10913
10926
10939
10952
10965
10978
10991
11004
11017
11030
11043
11056
11069
11082
11095
11108
11121
11134
11147
11160
11173
11186
11199
11212
11225
11238
11251
11264
11277
11290
11303
11316
11329
11342
11355
11368
11381
11394
11407
11420
11433
11446
11459
11472
11485
11498
11511
11524
11537
11550
11563
11576
11589
11602
11615
11628
11641
11654
11667
11680
11693
11706
11719
11732
11745
11758
11771
11784
11797
11810
11823
11836
11849
11862
11875
11888
11901
11914
11927
11940
11953
11966
11979
11992
12005
12018
12031
12044
12057
12070
12083
12096
12109
12122
12135
12148
12161
12174
12187
12200
12213
12226
12239
12252
12265
12278
12291
12304
12317
12330
12343
12356
12369
12382
12395
12408
12421
12434
12447
12460
12473
12486
12499
12512
12525
12538
12551
12564
12577
12590
12603
12616
12629
12642
12655
12668
12681
12694
12707
12720
12733
12746
12759
12772
12785
12798
12811
12824
12837
12850
12863
12876
12889
12902
12915
12928
12941
12954
12967
12980
12993
13006
13019
13032
13045
13058
13071
13084
13097
13110
13123
13136
13149
13162
13175
13188
13201
13214
13227
13240
13253
13266
13279
13292
13305
13318
13331
13344
13357
13370
13383
13396
13409
13422
13435
13448
13461
13474
13487
13500
13513
13526
13539
13552
13565
13578
13591
13604
13617
13630
13643
13656
13669
13682
13695
13708
13721
13734
13747
13760
13773
13786
13799
13812
13825
13838
13851
13864
13877
13890
13903
13916
13929
13942
13955
13968
13981
13994
14007
14020
14033
14046
14059
14072
14085
14098
14111
14124
14137
14150
14163
14176
14189
14202
14215
14228
14241
14254
14267
14280
14293
14306
14319
14332
14345
14358
14371
14384
14397
14410
14423
14436
14449
14462
14475
14488
14501
14514
14527
14540
14553
14566
14579
14592
14605
14618
14631
14644
14657
14670
14683
14696
14709
14722
14735
14748
14761
14774
14787
14800
14813
14826
14839
14852
14865
14878
14891
14904
14917
14930
14943
14956
14969
14982
14995
15008
15021
15034
15047
15060
15073
15086
15099
15112
15125
15138
15151
15164
15177
15190
15203
15216
15229
15242
15255
15268
15281
15294
15307
15320
15333
15346
15359
15372
15385
15398
15411
15424
15437
15450
15463
15476
15489
15502
15515
15528
15541
15554
15567
15580
15593
15606
15619
15632
15645
15658
15671
15684
15697
15710
15723
15736
15749
15762
15775
15788
15801
15814
15827
15840
15853
15866
15879
15892
15905
15918
15931
15944
15957
15970
15983
15996
16009
16022
16035
16048
16061
16074
16087
16100
16113
16126
16139
16152
16165
16178
16191
16204
16217
16230
16243
16256
16269
16282
16295
16308
16321
16334
16347
16360
16373
16386
16399
16412
16425
16438
16451
16464
16477
16490
16503
16516
16529
16542
16555
16568
16581
16594
16607
16620
16633
16646
16659
16672
16685
16698
16711
16724
16737
16750
16763
16776
16789
16802
16815
16828
16841
16854
16867
16880
16893
16906
16919
16932
16945
16958
16971
16984
16997
17010
17023
17036
17049
17062
17075
17088
17101
17114
17127
17140
17153
17166
17179
17192
17205
17218
17231
17244
17257
17270
17283
17296
17309
17322
17335
17348
17361
17374
17387
17400
17413
17426
17439
17452
17465
17478
17491
17504
17517
17530
17543
17556
17569
17582
17595
17608
17621
17634
17647
17660
17673
17686
17699
17712
17725
17738
17751
17764
17777
17790
17803
17816
17829
17842
17855
17868
17881
17894
17907
17920
17933
17946
17959
17972
17985
17998
18011
18024
18037
18050
18063
18076
18089
18102
18115
18128
18141
18154
18167
18180
18193
18206
18219
18232
18245
18258
18271
18284
18297
18310
18323
18336
18349
18362
18375
18388
18401
18414
18427
18440
18453
18466
18479
18492
18505
18518
18531
18544
18557
18570
18583
18596
18609
18622
18635
18648
18661
18674
18687
18700
18713
18726
18739
18752
18765
18778
18791
18804
18817
18830
18843
18856
18869
18882
18895
18908
18921
18934
18947
18960
18973
18986
18999
19012
19025
19038
19051
19064
19077
19090
19103
19116
19129
19142
19155
19168
19181
19194
19207
19220
19233
19246
19259
19272
19285
19298
19311
19324
19337
19350
19363
19376
19389
19402
19415
19428
19441
19454
19467
19480
19493
19506
19519
19532
19545
19558
19571
19584
19597
19610
19623
19636
19649
19662
19675
19688
19701
19714
19727
19740
19753
19766
19779
19792
19805
19818
19831
19844
19857
19870
19883
19896
19909
19922
19935
19948
19961
19974
19987
20000
20013
20026
20039
20052
20065
20078
20091
20104
20117
20130
20143
20156
20169
20182
20195
20208
20221
20234
20247
20260
20273
20286
20299
20312
20325
20338
20351
20364
20377
20390
20403
20416
20429
20442
20455
20468
20481
20494
20507
20520
20533
20546
20559
20572
20585
20598
20611
20624
20637
20650
20663
20676
20689
20702
20715
20728
20741
20754
20767
20780
20793
20806
20819
20832
20845
20858
20871
20884
20897
20910
20923
20936
20949
20962
20975
20988
21001
21014
21027
21040
21053
21066
21079
21092
21105
21118
21131
21144
21157
21170
21183
